1
22
23
55
24
2
56
64
79
69
68
63
61
60
49
48
47
46
45
54
44
43
42
41
40
39
38
57
62
65
66
73
74
75
83
84
77
88
78
85
89
117
116
115
114
113
112
111
110
109
108
107
106
105
124
125
136
135
143
134
142
159
160
173
169
161
162
170
164
171
149
150
145
138
132
137
131
128
90
91
92
119
120
122
127
129
133
139
146
147
148
153
152
176
175
208
209
210
228
238
251
255
254
253
252
264
225
226
236
237
227
207
174
205
204
203
202
201
200
206
199
198
197
196
195
194
193
219
218
217
191
192
168
157
141
118
104
103
87
82
72
102
101
100
86
81
71
99
98
97
155
166
156
167
172
189
190
216
233
246
258
247
248
234
235
249
250
259
260
261
266
267
262
263
269
294
295
296
297
268
270
298
299
271
272
273
303
304
300
301
305
310
311
312
313
317
326
335
338
337
334
325
316
324
315
314
357
345
351
344
293
292
291
290
289
288
287
285
284
265
244
232
243
224
215
188
187
186
185
184
183
214
213
212
182
181
180
211
222
229
240
241
230
223
231
242
257
256
282
308
309
283
320
330
342
346
347
331
321
322
332
348
323
356
350
343
380
396
397
381
382
383
384
401
400
399
398
415
431
432
416
417
433
434
418
435
419
402
403
385
386
387
388
389
358
359
360
390
409
420
421
437
451
447
446
445
444
443
442
441
440
439
438
436
430
414
429
413
394
379
378
412
428
427
408
377
376
375
374
373
372
425
407
424
411
406
393
371
370
369
368
367
366
365
364
392
405
410
423
422
404
465
479
488
499
513
466
480
489
500
514
515
501
490
481
467
448
449
450
468
455
456
457
458
459
460
461
471
470
469
491
503
517
502
516
530
546
545
544
543
542
541
540
539
538
574
575
576
577
578
579
580
581
607
608
582
583
584
585
586
587
588
589
590
591
592
593
594
595
558
557
556
555
554
553
552
551
550
549
548
547
526
519
504
492
482
472
483
493
505
520
474
484
494
506
521
475
485
495
507
522
559
560
561
531
524
509
523
508
496
486
476
462
452
453
463
454
477
497
511
534
528
510
533
532
564
565
566
603
622
639
651
650
649
692
691
690
700
703
715
716
717
718
724
747
746
745
786
816
805
744
785
784
804
783
782
781
803
809
815
827
839
826
814
824
848
847
846
845
823
844
843
842
841
840
867
866
865
864
893
894
895
896
897
898
868
869
870
871
906
933
918
934
961
962
963
964
996
997
998
999
967
935
919
903
902
901
900
872
873
874
875
876
877
849
907
920
921
879
880
904
908
922
936
938
939
943
942
941
970
969
968
1000
1021
1002
1003
1032
1031
1043
1061
1046
1047
1070
1083
1030
1041
1069
1068
1082
1081
1062
1040
1029
1039
1023
995
994
993
992
991
990
989
988
987
1019
1018
1017
1016
982
983
984
985
986
966
960
932
917
916
931
959
958
957
956
955
930
915
914
928
954
965
1015
1014
981
1013
1012
1011
980
979
978
977
976
975
974
973
972
971
1004
1005
1006
1007
1008
1009
1010
1026
1035
1052
1053
1054
1055
1036
1027
1037
1028
1038
1056
1057
1058
1059
1063
1064
1065
1066
1067
1080
1079
1078
1077
1076
1075
1074
1073
1072
1071
1051
1050
1049
1048
1034
1025
1022
1024
1033
1045
1060
1044
1042
1020
1001
940
937
929
899
878
909
923
944
945
946
924
910
905
911
925
947
948
949
950
951
952
953
927
913
926
912
888
889
890
891
892
863
862
861
860
859
858
857
856
887
886
885
855
854
853
884
883
882
881
850
851
852
828
838
837
821
825
817
810
806
801
802
787
788
748
749
750
751
752
753
754
791
790
789
807
811
818
812
819
829
830
831
832
813
820
833
834
835
836
822
808
800
799
798
797
796
795
794
793
792
755
756
757
758
759
760
761
762
763
764
765
766
767
768
769
770
771
772
773
774
775
776
777
778
779
780
723
721
722
713
702
696
697
689
648
688
687
611
612
602
563
562
601
600
599
598
597
610
609
617
621
632
638
634
631
616
630
615
647
646
645
629
614
620
627
637
636
626
619
625
606
605
604
613
618
624
633
623
635
644
669
668
667
666
665
664
663
662
661
660
659
658
693
705
706
670
671
672
673
674
675
676
677
678
679
680
681
682
683
684
695
686
701
712
711
710
699
709
698
743
742
741
740
708
726
725
739
738
737
736
735
734
733
732
719
714
704
731
730
729
728
727
720
707
694
685
652
653
654
655
656
657
643
642
641
640
628
596
567
568
569
570
571
572
573
537
536
535
529
518
527
525
512
498
487
478
464
473
426
395
391
361
362
363
352
349
333
327
353
354
355
339
340
341
336
329
319
328
318
306
307
281
280
279
278
277
276
275
274
302
286
245
239
221
220
177
178
179
165
154
151
163
158
140
144
123
126
121
130
93
94
95
96
80
70
76
67
59
58
6
19
25
26
3
27
50
28
4
29
5
30
51
31
7
32
8
9
33
52
34
10
35
11
12
13
36
53
37
14
15
16
17
18
20
21
1
