1
22
21
49
48
20
18
17
16
15
14
13
36
12
11
35
10
34
52
33
9
8
7
31
32
72
82
87
103
104
118
141
157
168
191
192
193
194
195
196
197
198
199
206
200
201
202
203
204
205
174
207
225
226
236
237
227
228
238
251
254
253
252
264
270
268
263
269
262
267
266
261
250
260
259
285
284
243
232
244
265
258
246
233
247
234
248
249
235
219
218
217
216
190
189
172
167
156
166
155
130
121
93
94
95
96
97
98
99
100
101
102
86
81
71
80
70
50
29
51
30
5
4
28
27
3
26
25
19
6
58
59
67
76
123
126
144
140
158
163
151
154
165
180
181
182
212
213
214
183
184
185
186
187
188
215
224
223
231
242
257
256
241
230
211
222
229
240
239
179
178
177
220
221
245
286
302
274
275
276
277
278
279
280
281
306
307
308
282
283
309
320
330
336
319
329
341
340
339
328
318
355
354
353
352
327
333
349
395
426
473
518
527
529
525
512
498
487
478
464
465
479
488
499
513
466
480
489
500
514
467
481
490
501
515
516
530
546
545
544
543
542
541
540
539
538
537
536
535
573
572
571
570
569
568
567
596
628
640
641
642
643
657
656
655
654
653
652
685
694
707
720
727
728
729
730
731
704
714
719
732
733
734
735
736
737
738
739
725
726
740
708
706
705
693
658
659
660
661
662
663
664
665
666
667
668
669
670
671
672
673
674
675
676
677
678
679
680
681
682
683
684
695
686
701
712
711
710
699
709
698
743
742
741
767
766
765
764
763
808
822
836
835
834
833
820
813
832
831
830
829
819
812
818
811
807
789
790
791
792
793
794
795
796
797
798
799
800
762
761
760
759
758
757
756
755
754
753
752
751
750
749
748
788
787
802
801
825
821
837
838
828
806
810
817
852
851
850
881
882
883
884
853
854
855
856
857
885
886
887
858
859
860
861
862
863
892
891
890
889
888
912
926
913
927
951
950
949
948
947
925
911
905
910
924
946
945
944
923
909
878
899
929
937
940
1020
1001
1022
1024
1042
1044
1060
1045
1033
1025
1034
1048
1071
1049
1050
1051
1052
1053
1054
1055
1072
1073
1074
1075
1076
1077
1078
1079
1080
1067
1066
1065
1064
1063
1059
1058
1057
1056
1038
1028
1037
1036
1027
1035
1026
1010
1009
1008
1007
1006
1005
1004
971
972
973
974
975
976
977
978
979
980
1011
1012
1013
1014
1015
981
952
953
954
965
928
914
915
930
931
916
917
932
966
960
959
958
957
956
955
984
983
982
1016
1017
1018
1019
985
986
987
988
989
990
991
992
993
994
995
996
997
998
999
1030
1041
1068
1040
1029
1023
1039
1062
1081
1082
1069
1083
1070
1047
1032
1046
1061
1043
1031
1021
1000
968
1002
1003
969
970
943
939
938
936
922
908
904
880
879
921
942
941
920
907
849
877
876
875
874
873
872
900
901
902
903
919
935
967
964
963
962
961
934
918
933
906
871
870
869
868
867
898
897
896
895
894
893
864
865
866
840
841
842
843
844
845
846
847
848
823
768
769
770
771
772
773
774
775
776
777
778
779
723
780
824
814
826
839
827
815
809
803
804
781
782
783
784
785
744
745
786
805
816
746
747
724
718
717
716
715
722
721
713
702
703
700
692
691
690
689
697
696
687
688
648
649
650
651
639
622
603
566
565
564
602
612
611
563
562
601
600
599
598
597
610
609
617
621
632
638
634
631
616
630
615
647
646
645
629
614
620
627
637
636
644
626
619
625
606
635
623
633
624
618
613
604
605
574
575
576
577
578
579
580
581
607
608
582
583
584
585
586
587
588
589
590
591
592
593
594
595
555
556
557
558
559
560
561
531
524
509
523
508
496
486
476
462
452
453
463
510
532
533
528
534
511
497
477
454
421
360
359
358
357
345
351
344
343
350
356
378
377
376
375
374
373
372
371
370
393
406
411
424
407
425
408
427
428
412
394
379
380
396
397
381
382
383
384
402
403
385
386
387
388
389
390
409
420
437
451
447
446
445
444
443
442
441
440
431
415
416
432
433
417
418
434
435
419
401
400
399
398
414
413
429
438
430
436
439
472
483
493
505
520
474
484
494
506
521
475
485
495
507
522
554
553
552
551
550
549
548
547
526
519
504
492
482
471
461
460
459
458
457
456
470
469
491
503
517
502
468
455
450
449
448
392
405
410
423
422
404
391
361
362
363
364
365
366
367
368
369
342
346
347
331
321
322
332
348
323
287
288
289
290
291
292
293
294
295
296
297
298
299
314
315
324
316
325
334
337
338
335
326
317
313
312
311
310
305
301
300
304
303
273
272
271
255
210
209
208
175
176
152
153
148
147
146
139
133
129
127
122
120
119
92
91
90
128
131
137
132
138
145
150
149
171
164
170
162
161
169
173
160
159
142
134
135
143
136
125
124
105
106
107
108
109
110
111
112
113
114
115
116
117
89
85
78
88
77
84
83
75
74
73
66
65
62
57
53
37
38
39
40
41
42
43
44
54
45
46
47
60
61
63
68
69
79
64
56
2
24
55
23
1
