-858993460
2
4
1
3
5
6
7
32
10
9
11
41
14
13
16
15
17
18
19
43
21
22
23
25
24
26
28
27
29
30
31
8
34
33
37
35
36
38
40
39
12
42
20
44
45
47
46
48
69
51
50
52
53
54
55
56
57
58
59
61
60
62
63
64
65
66
67
49
68
78
70
72
73
75
74
76
77
71
80
79
81
83
82
84
85
86
87
88
91
90
89
93
92
94
95
96
97
98
99
101
100
102
103
105
106
129
104
107
109
110
111
113
112
114
116
115
134
117
118
120
121
122
125
123
124
126
127
128
108
130
131
132
133
119
135
137
136
138
139
146
141
142
149
144
152
140
147
156
143
160
150
145
153
154
155
148
157
166
158
151
162
161
164
163
165
159
167
169
168
171
170
172
174
175
173
176
177
179
178
180
183
181
182
185
186
184
188
187
189
191
199
193
194
192
195
196
197
198
190
201
200
203
202
204
205
206
219
208
209
210
211
212
213
223
215
216
217
218
207
220
221
230
214
224
225
226
227
228
229
222
232
231
233
234
235
236
237
239
238
240
241
242
243
244
245
258
248
249
250
247
251
253
252
255
254
256
260
257
246
259
263
261
262
265
264
266
269
267
268
282
271
272
273
275
274
277
278
276
279
281
280
283
270
284
285
289
292
288
286
291
290
287
301
294
298
297
296
295
299
300
293
302
303
304
305
307
306
308
309
315
316
312
313
314
310
311
318
317
320
319
321
322
323
324
327
326
325
328
329
330
331
332
333
334
335
337
336
338
346
340
348
342
343
345
353
339
347
341
349
359
372
344
352
363
354
356
357
368
350
360
361
362
355
364
365
380
367
375
369
408
371
351
373
374
358
376
377
378
379
366
381
382
383
384
386
387
388
385
392
389
390
391
395
393
394
411
396
398
399
401
400
402
403
405
404
406
370
407
410
409
1
